#     Zones      Contiguities       Tasks        DataFlows
#      20             800            68             67
# Zones
# Label    x    y    z  
<ZONE>
    0      0    0    0  
    1      1    0    0  
    2      2    0    0  
    3      0    1    0  
    4      1    1    0  
    5      2    1    0  
    6      0    2    0  
    7      1    2    0  
    8      2    2    0  
    9      0    3    0  
    10     1    3    0  
    11     2    3    0  
    12     0    4    0  
    13     1    4    0  
    14     2    4    0  
    15     0    5    0  
    16     1    5    0  
    17     2    5    0  
    18     0    6    0  
    19     1    6    0  
</ZONE>
# Continuities
#  Zone1   Zone2 Channel   Conductivity DeploymentCost
<CONTIGUITY>
      0       0       3              0          1e+09 
      0       0       4              0          1e+09 
      0       1       1              0              0 
      0       1       2      0.0270207              0 
      0       1       3              1              1 
      0       1       4              1              1 
      0       2       1       0.187809              0 
      0       2       2        0.21483              0 
      0       2       3              1              2 
      0       2       4              1              2 
      0       3       1              0              0 
      0       3       2      0.0270207              0 
      0       3       3              1              1 
      0       3       4              1              1 
      0       4       1      0.0777931              0 
      0       4       2       0.104814              0 
      0       4       3              1        1.41421 
      0       4       4              1        1.41421 
      0       5       1       0.232145              0 
      0       5       2       0.259166              0 
      0       5       3              1        2.23607 
      0       5       4              1        2.23607 
      0       6       1       0.187809              0 
      0       6       2        0.21483              0 
      0       6       3              1              2 
      0       6       4              1              2 
      0       7       1       0.232145              0 
      0       7       2       0.259166              0 
      0       7       3              1        2.23607 
      0       7       4              1        2.23607 
      0       8       1       0.343395              0 
      0       8       2       0.370416              0 
      0       8       3              1        2.82843 
      0       8       4              1        2.82843 
      0       9       1       0.375618              0 
      0       9       2       0.402639              0 
      0       9       3              1              3 
      0       9       4              1              3 
      0      10       1       0.406095              0 
      0      10       2       0.433116              0 
      0      10       3              1        3.16228 
      0      10       4              1        3.16228 
      0      11       1       0.489346              0 
      0      11       2       0.516367              0 
      0      11       3              1        3.60555 
      0      11       4              1        3.60555 
      0      12       1       0.563427              0 
      0      12       2       0.590448              0 
      0      12       3              1              4 
      0      12       4              1              4 
      0      13       1       0.586548              0 
      0      13       2       0.613568              0 
      0      13       3              1        4.12311 
      0      13       4              1        4.12311 
      0      14       1       0.652099              0 
      0      14       2       0.679119              0 
      0      14       3              1        4.47214 
      0      14       4              1        4.47214 
      0      15       1       0.751236              0 
      0      15       2       0.778257              0 
      0      15       3              1              5 
      0      15       4              1              5 
      0      16       1       0.769833              0 
      0      16       2       0.796854              0 
      0      16       3              1        5.09902 
      0      16       4              1        5.09902 
      0      17       1       0.823574              0 
      0      17       2       0.850595              0 
      0      17       3              1        5.38516 
      0      17       4              1        5.38516 
      0      18       1       0.939046              0 
      0      18       2       0.966066              0 
      0      18       3              1              6 
      0      18       4              1              6 
      0      19       1       0.954589              0 
      0      19       2        0.98161              0 
      0      19       3              1        6.08276 
      0      19       4              1        6.08276 
      1       1       3              0          1e+09 
      1       1       4              0          1e+09 
      1       2       1              0              0 
      1       2       2      0.0270207              0 
      1       2       3              1              1 
      1       2       4              1              1 
      1       3       1      0.0777931              0 
      1       3       2       0.104814              0 
      1       3       3              1        1.41421 
      1       3       4              1        1.41421 
      1       4       1              0              0 
      1       4       2      0.0270207              0 
      1       4       3              1              1 
      1       4       4              1              1 
      1       5       1      0.0777931              0 
      1       5       2       0.104814              0 
      1       5       3              1        1.41421 
      1       5       4              1        1.41421 
      1       6       1       0.232145              0 
      1       6       2       0.259166              0 
      1       6       3              1        2.23607 
      1       6       4              1        2.23607 
      1       7       1       0.187809              0 
      1       7       2        0.21483              0 
      1       7       3              1              2 
      1       7       4              1              2 
      1       8       1       0.232145              0 
      1       8       2       0.259166              0 
      1       8       3              1        2.23607 
      1       8       4              1        2.23607 
      1       9       1       0.406095              0 
      1       9       2       0.433116              0 
      1       9       3              1        3.16228 
      1       9       4              1        3.16228 
      1      10       1       0.375618              0 
      1      10       2       0.402639              0 
      1      10       3              1              3 
      1      10       4              1              3 
      1      11       1       0.406095              0 
      1      11       2       0.433116              0 
      1      11       3              1        3.16228 
      1      11       4              1        3.16228 
      1      12       1       0.586548              0 
      1      12       2       0.613568              0 
      1      12       3              1        4.12311 
      1      12       4              1        4.12311 
      1      13       1       0.563427              0 
      1      13       2       0.590448              0 
      1      13       3              1              4 
      1      13       4              1              4 
      1      14       1       0.586548              0 
      1      14       2       0.613568              0 
      1      14       3              1        4.12311 
      1      14       4              1        4.12311 
      1      15       1       0.769833              0 
      1      15       2       0.796854              0 
      1      15       3              1        5.09902 
      1      15       4              1        5.09902 
      1      16       1       0.751236              0 
      1      16       2       0.778257              0 
      1      16       3              1              5 
      1      16       4              1              5 
      1      17       1       0.769833              0 
      1      17       2       0.796854              0 
      1      17       3              1        5.09902 
      1      17       4              1        5.09902 
      1      18       1       0.954589              0 
      1      18       2        0.98161              0 
      1      18       3              1        6.08276 
      1      18       4              1        6.08276 
      1      19       1       0.939046              0 
      1      19       2       0.966066              0 
      1      19       3              1              6 
      1      19       4              1              6 
      2       2       3              0          1e+09 
      2       2       4              0          1e+09 
      2       3       1       0.232145              0 
      2       3       2       0.259166              0 
      2       3       3              1        2.23607 
      2       3       4              1        2.23607 
      2       4       1      0.0777931              0 
      2       4       2       0.104814              0 
      2       4       3              1        1.41421 
      2       4       4              1        1.41421 
      2       5       1              0              0 
      2       5       2      0.0270207              0 
      2       5       3              1              1 
      2       5       4              1              1 
      2       6       1       0.343395              0 
      2       6       2       0.370416              0 
      2       6       3              1        2.82843 
      2       6       4              1        2.82843 
      2       7       1       0.232145              0 
      2       7       2       0.259166              0 
      2       7       3              1        2.23607 
      2       7       4              1        2.23607 
      2       8       1       0.187809              0 
      2       8       2        0.21483              0 
      2       8       3              1              2 
      2       8       4              1              2 
      2       9       1       0.489346              0 
      2       9       2       0.516367              0 
      2       9       3              1        3.60555 
      2       9       4              1        3.60555 
      2      10       1       0.406095              0 
      2      10       2       0.433116              0 
      2      10       3              1        3.16228 
      2      10       4              1        3.16228 
      2      11       1       0.375618              0 
      2      11       2       0.402639              0 
      2      11       3              1              3 
      2      11       4              1              3 
      2      12       1       0.652099              0 
      2      12       2       0.679119              0 
      2      12       3              1        4.47214 
      2      12       4              1        4.47214 
      2      13       1       0.586548              0 
      2      13       2       0.613568              0 
      2      13       3              1        4.12311 
      2      13       4              1        4.12311 
      2      14       1       0.563427              0 
      2      14       2       0.590448              0 
      2      14       3              1              4 
      2      14       4              1              4 
      2      15       1       0.823574              0 
      2      15       2       0.850595              0 
      2      15       3              1        5.38516 
      2      15       4              1        5.38516 
      2      16       1       0.769833              0 
      2      16       2       0.796854              0 
      2      16       3              1        5.09902 
      2      16       4              1        5.09902 
      2      17       1       0.751236              0 
      2      17       2       0.778257              0 
      2      17       3              1              5 
      2      17       4              1              5 
      2      18       1              1              0 
      2      18       2              1              0 
      2      18       3              1        6.32456 
      2      18       4              1        6.32456 
      2      19       1       0.954589              0 
      2      19       2        0.98161              0 
      2      19       3              1        6.08276 
      2      19       4              1        6.08276 
      3       3       3              0          1e+09 
      3       3       4              0          1e+09 
      3       4       1              0              0 
      3       4       2      0.0270207              0 
      3       4       3              1              1 
      3       4       4              1              1 
      3       5       1       0.187809              0 
      3       5       2        0.21483              0 
      3       5       3              1              2 
      3       5       4              1              2 
      3       6       1              0              0 
      3       6       2      0.0270207              0 
      3       6       3              1              1 
      3       6       4              1              1 
      3       7       1      0.0777931              0 
      3       7       2       0.104814              0 
      3       7       3              1        1.41421 
      3       7       4              1        1.41421 
      3       8       1       0.232145              0 
      3       8       2       0.259166              0 
      3       8       3              1        2.23607 
      3       8       4              1        2.23607 
      3       9       1       0.187809              0 
      3       9       2        0.21483              0 
      3       9       3              1              2 
      3       9       4              1              2 
      3      10       1       0.232145              0 
      3      10       2       0.259166              0 
      3      10       3              1        2.23607 
      3      10       4              1        2.23607 
      3      11       1       0.343395              0 
      3      11       2       0.370416              0 
      3      11       3              1        2.82843 
      3      11       4              1        2.82843 
      3      12       1       0.375618              0 
      3      12       2       0.402639              0 
      3      12       3              1              3 
      3      12       4              1              3 
      3      13       1       0.406095              0 
      3      13       2       0.433116              0 
      3      13       3              1        3.16228 
      3      13       4              1        3.16228 
      3      14       1       0.489346              0 
      3      14       2       0.516367              0 
      3      14       3              1        3.60555 
      3      14       4              1        3.60555 
      3      15       1       0.563427              0 
      3      15       2       0.590448              0 
      3      15       3              1              4 
      3      15       4              1              4 
      3      16       1       0.586548              0 
      3      16       2       0.613568              0 
      3      16       3              1        4.12311 
      3      16       4              1        4.12311 
      3      17       1       0.652099              0 
      3      17       2       0.679119              0 
      3      17       3              1        4.47214 
      3      17       4              1        4.47214 
      3      18       1       0.751236              0 
      3      18       2       0.778257              0 
      3      18       3              1              5 
      3      18       4              1              5 
      3      19       1       0.769833              0 
      3      19       2       0.796854              0 
      3      19       3              1        5.09902 
      3      19       4              1        5.09902 
      4       4       3              0          1e+09 
      4       4       4              0          1e+09 
      4       5       1              0              0 
      4       5       2      0.0270207              0 
      4       5       3              1              1 
      4       5       4              1              1 
      4       6       1      0.0777931              0 
      4       6       2       0.104814              0 
      4       6       3              1        1.41421 
      4       6       4              1        1.41421 
      4       7       1              0              0 
      4       7       2      0.0270207              0 
      4       7       3              1              1 
      4       7       4              1              1 
      4       8       1      0.0777931              0 
      4       8       2       0.104814              0 
      4       8       3              1        1.41421 
      4       8       4              1        1.41421 
      4       9       1       0.232145              0 
      4       9       2       0.259166              0 
      4       9       3              1        2.23607 
      4       9       4              1        2.23607 
      4      10       1       0.187809              0 
      4      10       2        0.21483              0 
      4      10       3              1              2 
      4      10       4              1              2 
      4      11       1       0.232145              0 
      4      11       2       0.259166              0 
      4      11       3              1        2.23607 
      4      11       4              1        2.23607 
      4      12       1       0.406095              0 
      4      12       2       0.433116              0 
      4      12       3              1        3.16228 
      4      12       4              1        3.16228 
      4      13       1       0.375618              0 
      4      13       2       0.402639              0 
      4      13       3              1              3 
      4      13       4              1              3 
      4      14       1       0.406095              0 
      4      14       2       0.433116              0 
      4      14       3              1        3.16228 
      4      14       4              1        3.16228 
      4      15       1       0.586548              0 
      4      15       2       0.613568              0 
      4      15       3              1        4.12311 
      4      15       4              1        4.12311 
      4      16       1       0.563427              0 
      4      16       2       0.590448              0 
      4      16       3              1              4 
      4      16       4              1              4 
      4      17       1       0.586548              0 
      4      17       2       0.613568              0 
      4      17       3              1        4.12311 
      4      17       4              1        4.12311 
      4      18       1       0.769833              0 
      4      18       2       0.796854              0 
      4      18       3              1        5.09902 
      4      18       4              1        5.09902 
      4      19       1       0.751236              0 
      4      19       2       0.778257              0 
      4      19       3              1              5 
      4      19       4              1              5 
      5       5       3              0          1e+09 
      5       5       4              0          1e+09 
      5       6       1       0.232145              0 
      5       6       2       0.259166              0 
      5       6       3              1        2.23607 
      5       6       4              1        2.23607 
      5       7       1      0.0777931              0 
      5       7       2       0.104814              0 
      5       7       3              1        1.41421 
      5       7       4              1        1.41421 
      5       8       1              0              0 
      5       8       2      0.0270207              0 
      5       8       3              1              1 
      5       8       4              1              1 
      5       9       1       0.343395              0 
      5       9       2       0.370416              0 
      5       9       3              1        2.82843 
      5       9       4              1        2.82843 
      5      10       1       0.232145              0 
      5      10       2       0.259166              0 
      5      10       3              1        2.23607 
      5      10       4              1        2.23607 
      5      11       1       0.187809              0 
      5      11       2        0.21483              0 
      5      11       3              1              2 
      5      11       4              1              2 
      5      12       1       0.489346              0 
      5      12       2       0.516367              0 
      5      12       3              1        3.60555 
      5      12       4              1        3.60555 
      5      13       1       0.406095              0 
      5      13       2       0.433116              0 
      5      13       3              1        3.16228 
      5      13       4              1        3.16228 
      5      14       1       0.375618              0 
      5      14       2       0.402639              0 
      5      14       3              1              3 
      5      14       4              1              3 
      5      15       1       0.652099              0 
      5      15       2       0.679119              0 
      5      15       3              1        4.47214 
      5      15       4              1        4.47214 
      5      16       1       0.586548              0 
      5      16       2       0.613568              0 
      5      16       3              1        4.12311 
      5      16       4              1        4.12311 
      5      17       1       0.563427              0 
      5      17       2       0.590448              0 
      5      17       3              1              4 
      5      17       4              1              4 
      5      18       1       0.823574              0 
      5      18       2       0.850595              0 
      5      18       3              1        5.38516 
      5      18       4              1        5.38516 
      5      19       1       0.769833              0 
      5      19       2       0.796854              0 
      5      19       3              1        5.09902 
      5      19       4              1        5.09902 
      6       6       3              0          1e+09 
      6       6       4              0          1e+09 
      6       7       1              0              0 
      6       7       2      0.0270207              0 
      6       7       3              1              1 
      6       7       4              1              1 
      6       8       1       0.187809              0 
      6       8       2        0.21483              0 
      6       8       3              1              2 
      6       8       4              1              2 
      6       9       1              0              0 
      6       9       2      0.0270207              0 
      6       9       3              1              1 
      6       9       4              1              1 
      6      10       1      0.0777931              0 
      6      10       2       0.104814              0 
      6      10       3              1        1.41421 
      6      10       4              1        1.41421 
      6      11       1       0.232145              0 
      6      11       2       0.259166              0 
      6      11       3              1        2.23607 
      6      11       4              1        2.23607 
      6      12       1       0.187809              0 
      6      12       2        0.21483              0 
      6      12       3              1              2 
      6      12       4              1              2 
      6      13       1       0.232145              0 
      6      13       2       0.259166              0 
      6      13       3              1        2.23607 
      6      13       4              1        2.23607 
      6      14       1       0.343395              0 
      6      14       2       0.370416              0 
      6      14       3              1        2.82843 
      6      14       4              1        2.82843 
      6      15       1       0.375618              0 
      6      15       2       0.402639              0 
      6      15       3              1              3 
      6      15       4              1              3 
      6      16       1       0.406095              0 
      6      16       2       0.433116              0 
      6      16       3              1        3.16228 
      6      16       4              1        3.16228 
      6      17       1       0.489346              0 
      6      17       2       0.516367              0 
      6      17       3              1        3.60555 
      6      17       4              1        3.60555 
      6      18       1       0.563427              0 
      6      18       2       0.590448              0 
      6      18       3              1              4 
      6      18       4              1              4 
      6      19       1       0.586548              0 
      6      19       2       0.613568              0 
      6      19       3              1        4.12311 
      6      19       4              1        4.12311 
      7       7       3              0          1e+09 
      7       7       4              0          1e+09 
      7       8       1              0              0 
      7       8       2      0.0270207              0 
      7       8       3              1              1 
      7       8       4              1              1 
      7       9       1      0.0777931              0 
      7       9       2       0.104814              0 
      7       9       3              1        1.41421 
      7       9       4              1        1.41421 
      7      10       1              0              0 
      7      10       2      0.0270207              0 
      7      10       3              1              1 
      7      10       4              1              1 
      7      11       1      0.0777931              0 
      7      11       2       0.104814              0 
      7      11       3              1        1.41421 
      7      11       4              1        1.41421 
      7      12       1       0.232145              0 
      7      12       2       0.259166              0 
      7      12       3              1        2.23607 
      7      12       4              1        2.23607 
      7      13       1       0.187809              0 
      7      13       2        0.21483              0 
      7      13       3              1              2 
      7      13       4              1              2 
      7      14       1       0.232145              0 
      7      14       2       0.259166              0 
      7      14       3              1        2.23607 
      7      14       4              1        2.23607 
      7      15       1       0.406095              0 
      7      15       2       0.433116              0 
      7      15       3              1        3.16228 
      7      15       4              1        3.16228 
      7      16       1       0.375618              0 
      7      16       2       0.402639              0 
      7      16       3              1              3 
      7      16       4              1              3 
      7      17       1       0.406095              0 
      7      17       2       0.433116              0 
      7      17       3              1        3.16228 
      7      17       4              1        3.16228 
      7      18       1       0.586548              0 
      7      18       2       0.613568              0 
      7      18       3              1        4.12311 
      7      18       4              1        4.12311 
      7      19       1       0.563427              0 
      7      19       2       0.590448              0 
      7      19       3              1              4 
      7      19       4              1              4 
      8       8       3              0          1e+09 
      8       8       4              0          1e+09 
      8       9       1       0.232145              0 
      8       9       2       0.259166              0 
      8       9       3              1        2.23607 
      8       9       4              1        2.23607 
      8      10       1      0.0777931              0 
      8      10       2       0.104814              0 
      8      10       3              1        1.41421 
      8      10       4              1        1.41421 
      8      11       1              0              0 
      8      11       2      0.0270207              0 
      8      11       3              1              1 
      8      11       4              1              1 
      8      12       1       0.343395              0 
      8      12       2       0.370416              0 
      8      12       3              1        2.82843 
      8      12       4              1        2.82843 
      8      13       1       0.232145              0 
      8      13       2       0.259166              0 
      8      13       3              1        2.23607 
      8      13       4              1        2.23607 
      8      14       1       0.187809              0 
      8      14       2        0.21483              0 
      8      14       3              1              2 
      8      14       4              1              2 
      8      15       1       0.489346              0 
      8      15       2       0.516367              0 
      8      15       3              1        3.60555 
      8      15       4              1        3.60555 
      8      16       1       0.406095              0 
      8      16       2       0.433116              0 
      8      16       3              1        3.16228 
      8      16       4              1        3.16228 
      8      17       1       0.375618              0 
      8      17       2       0.402639              0 
      8      17       3              1              3 
      8      17       4              1              3 
      8      18       1       0.652099              0 
      8      18       2       0.679119              0 
      8      18       3              1        4.47214 
      8      18       4              1        4.47214 
      8      19       1       0.586548              0 
      8      19       2       0.613568              0 
      8      19       3              1        4.12311 
      8      19       4              1        4.12311 
      9       9       3              0          1e+09 
      9       9       4              0          1e+09 
      9      10       1              0              0 
      9      10       2      0.0270207              0 
      9      10       3              1              1 
      9      10       4              1              1 
      9      11       1       0.187809              0 
      9      11       2        0.21483              0 
      9      11       3              1              2 
      9      11       4              1              2 
      9      12       1              0              0 
      9      12       2      0.0270207              0 
      9      12       3              1              1 
      9      12       4              1              1 
      9      13       1      0.0777931              0 
      9      13       2       0.104814              0 
      9      13       3              1        1.41421 
      9      13       4              1        1.41421 
      9      14       1       0.232145              0 
      9      14       2       0.259166              0 
      9      14       3              1        2.23607 
      9      14       4              1        2.23607 
      9      15       1       0.187809              0 
      9      15       2        0.21483              0 
      9      15       3              1              2 
      9      15       4              1              2 
      9      16       1       0.232145              0 
      9      16       2       0.259166              0 
      9      16       3              1        2.23607 
      9      16       4              1        2.23607 
      9      17       1       0.343395              0 
      9      17       2       0.370416              0 
      9      17       3              1        2.82843 
      9      17       4              1        2.82843 
      9      18       1       0.375618              0 
      9      18       2       0.402639              0 
      9      18       3              1              3 
      9      18       4              1              3 
      9      19       1       0.406095              0 
      9      19       2       0.433116              0 
      9      19       3              1        3.16228 
      9      19       4              1        3.16228 
     10      10       3              0          1e+09 
     10      10       4              0          1e+09 
     10      11       1              0              0 
     10      11       2      0.0270207              0 
     10      11       3              1              1 
     10      11       4              1              1 
     10      12       1      0.0777931              0 
     10      12       2       0.104814              0 
     10      12       3              1        1.41421 
     10      12       4              1        1.41421 
     10      13       1              0              0 
     10      13       2      0.0270207              0 
     10      13       3              1              1 
     10      13       4              1              1 
     10      14       1      0.0777931              0 
     10      14       2       0.104814              0 
     10      14       3              1        1.41421 
     10      14       4              1        1.41421 
     10      15       1       0.232145              0 
     10      15       2       0.259166              0 
     10      15       3              1        2.23607 
     10      15       4              1        2.23607 
     10      16       1       0.187809              0 
     10      16       2        0.21483              0 
     10      16       3              1              2 
     10      16       4              1              2 
     10      17       1       0.232145              0 
     10      17       2       0.259166              0 
     10      17       3              1        2.23607 
     10      17       4              1        2.23607 
     10      18       1       0.406095              0 
     10      18       2       0.433116              0 
     10      18       3              1        3.16228 
     10      18       4              1        3.16228 
     10      19       1       0.375618              0 
     10      19       2       0.402639              0 
     10      19       3              1              3 
     10      19       4              1              3 
     11      11       3              0          1e+09 
     11      11       4              0          1e+09 
     11      12       1       0.232145              0 
     11      12       2       0.259166              0 
     11      12       3              1        2.23607 
     11      12       4              1        2.23607 
     11      13       1      0.0777931              0 
     11      13       2       0.104814              0 
     11      13       3              1        1.41421 
     11      13       4              1        1.41421 
     11      14       1              0              0 
     11      14       2      0.0270207              0 
     11      14       3              1              1 
     11      14       4              1              1 
     11      15       1       0.343395              0 
     11      15       2       0.370416              0 
     11      15       3              1        2.82843 
     11      15       4              1        2.82843 
     11      16       1       0.232145              0 
     11      16       2       0.259166              0 
     11      16       3              1        2.23607 
     11      16       4              1        2.23607 
     11      17       1       0.187809              0 
     11      17       2        0.21483              0 
     11      17       3              1              2 
     11      17       4              1              2 
     11      18       1       0.489346              0 
     11      18       2       0.516367              0 
     11      18       3              1        3.60555 
     11      18       4              1        3.60555 
     11      19       1       0.406095              0 
     11      19       2       0.433116              0 
     11      19       3              1        3.16228 
     11      19       4              1        3.16228 
     12      12       3              0          1e+09 
     12      12       4              0          1e+09 
     12      13       1              0              0 
     12      13       2      0.0270207              0 
     12      13       3              1              1 
     12      13       4              1              1 
     12      14       1       0.187809              0 
     12      14       2        0.21483              0 
     12      14       3              1              2 
     12      14       4              1              2 
     12      15       1              0              0 
     12      15       2      0.0270207              0 
     12      15       3              1              1 
     12      15       4              1              1 
     12      16       1      0.0777931              0 
     12      16       2       0.104814              0 
     12      16       3              1        1.41421 
     12      16       4              1        1.41421 
     12      17       1       0.232145              0 
     12      17       2       0.259166              0 
     12      17       3              1        2.23607 
     12      17       4              1        2.23607 
     12      18       1       0.187809              0 
     12      18       2        0.21483              0 
     12      18       3              1              2 
     12      18       4              1              2 
     12      19       1       0.232145              0 
     12      19       2       0.259166              0 
     12      19       3              1        2.23607 
     12      19       4              1        2.23607 
     13      13       3              0          1e+09 
     13      13       4              0          1e+09 
     13      14       1              0              0 
     13      14       2      0.0270207              0 
     13      14       3              1              1 
     13      14       4              1              1 
     13      15       1      0.0777931              0 
     13      15       2       0.104814              0 
     13      15       3              1        1.41421 
     13      15       4              1        1.41421 
     13      16       1              0              0 
     13      16       2      0.0270207              0 
     13      16       3              1              1 
     13      16       4              1              1 
     13      17       1      0.0777931              0 
     13      17       2       0.104814              0 
     13      17       3              1        1.41421 
     13      17       4              1        1.41421 
     13      18       1       0.232145              0 
     13      18       2       0.259166              0 
     13      18       3              1        2.23607 
     13      18       4              1        2.23607 
     13      19       1       0.187809              0 
     13      19       2        0.21483              0 
     13      19       3              1              2 
     13      19       4              1              2 
     14      14       3              0          1e+09 
     14      14       4              0          1e+09 
     14      15       1       0.232145              0 
     14      15       2       0.259166              0 
     14      15       3              1        2.23607 
     14      15       4              1        2.23607 
     14      16       1      0.0777931              0 
     14      16       2       0.104814              0 
     14      16       3              1        1.41421 
     14      16       4              1        1.41421 
     14      17       1              0              0 
     14      17       2      0.0270207              0 
     14      17       3              1              1 
     14      17       4              1              1 
     14      18       1       0.343395              0 
     14      18       2       0.370416              0 
     14      18       3              1        2.82843 
     14      18       4              1        2.82843 
     14      19       1       0.232145              0 
     14      19       2       0.259166              0 
     14      19       3              1        2.23607 
     14      19       4              1        2.23607 
     15      15       3              0          1e+09 
     15      15       4              0          1e+09 
     15      16       1              0              0 
     15      16       2      0.0270207              0 
     15      16       3              1              1 
     15      16       4              1              1 
     15      17       1       0.187809              0 
     15      17       2        0.21483              0 
     15      17       3              1              2 
     15      17       4              1              2 
     15      18       1              0              0 
     15      18       2      0.0270207              0 
     15      18       3              1              1 
     15      18       4              1              1 
     15      19       1      0.0777931              0 
     15      19       2       0.104814              0 
     15      19       3              1        1.41421 
     15      19       4              1        1.41421 
     16      16       3              0          1e+09 
     16      16       4              0          1e+09 
     16      17       1              0              0 
     16      17       2      0.0270207              0 
     16      17       3              1              1 
     16      17       4              1              1 
     16      18       1      0.0777931              0 
     16      18       2       0.104814              0 
     16      18       3              1        1.41421 
     16      18       4              1        1.41421 
     16      19       1              0              0 
     16      19       2      0.0270207              0 
     16      19       3              1              1 
     16      19       4              1              1 
     17      17       3              0          1e+09 
     17      17       4              0          1e+09 
     17      18       1       0.232145              0 
     17      18       2       0.259166              0 
     17      18       3              1        2.23607 
     17      18       4              1        2.23607 
     17      19       1      0.0777931              0 
     17      19       2       0.104814              0 
     17      19       3              1        1.41421 
     17      19       4              1        1.41421 
     18      18       3              0          1e+09 
     18      18       4              0          1e+09 
     18      19       1              0              0 
     18      19       2      0.0270207              0 
     18      19       3              1              1 
     18      19       4              1              1 
     19      19       3              0          1e+09 
     19      19       4              0          1e+09 
</CONTIGUITY>
# Tasks
#     Label     Size Zone Mobile 
<TASK>
     RtZn0       60    0    0 
    Ts1Zn0       45    0    1 
     RtZn1       45    1    0 
    Ts1Zn1       25    1    1 
     RtZn2       44    2    0 
    Ts1Zn2       33    2    1 
    Ts2Zn2       41    2    1 
    Ts3Zn2       37    2    1 
    Ts4Zn2       47    2    1 
     RtZn3       43    3    0 
    Ts1Zn3       32    3    1 
    Ts2Zn3       39    3    1 
    Ts3Zn3       42    3    1 
     RtZn4       39    4    0 
    Ts1Zn4       30    4    1 
    Ts2Zn4       31    4    1 
    Ts3Zn4       31    4    1 
    Ts4Zn4       36    4    1 
     RtZn5       51    5    0 
    Ts1Zn5       46    5    1 
    Ts2Zn5       28    5    1 
     RtZn6       31    6    0 
    Ts1Zn6       39    6    1 
    Ts2Zn6       37    6    1 
     RtZn7       35    7    0 
    Ts1Zn7       37    7    1 
    Ts2Zn7       36    7    1 
    Ts3Zn7       42    7    1 
     RtZn8       34    8    0 
    Ts1Zn8       38    8    1 
     RtZn9       33    9    0 
    Ts1Zn9       35    9    1 
    Ts2Zn9       38    9    1 
    Ts3Zn9       22    9    1 
    RtZn10       46   10    0 
    Ts1Zn10      40   10    1 
    RtZn11       40   11    0 
    Ts1Zn11      33   11    1 
    RtZn12       42   12    0 
    Ts1Zn12      23   12    1 
    Ts2Zn12      32   12    1 
    RtZn13       46   13    0 
    Ts1Zn13      21   13    1 
    Ts2Zn13      25   13    1 
    Ts3Zn13      26   13    1 
    RtZn14       52   14    0 
    Ts1Zn14      38   14    1 
    RtZn15       28   15    0 
    Ts1Zn15      49   15    1 
    Ts2Zn15      23   15    1 
    Ts3Zn15      32   15    1 
    Ts4Zn15      42   15    1 
    Ts5Zn15      44   15    1 
    RtZn16       43   16    0 
    Ts1Zn16      39   16    1 
    Ts2Zn16      45   16    1 
    Ts3Zn16      40   16    1 
    RtZn17       29   17    0 
    Ts1Zn17      39   17    1 
    Ts2Zn17      33   17    1 
    Ts3Zn17      22   17    1 
    Ts4Zn17      21   17    1 
    RtZn18       66   18    0 
    Ts1Zn18      30   18    1 
    RtZn19       60   19    0 
    Ts1Zn19      44   19    1 
    Ts2Zn19      29   19    1 
    Ts3Zn19      28   19    1 
</TASK>
# Data Flows
#    Label    Source    Target Bandwidth  MaxDelay  MaxError 
<DATAFLOW>
	DfZn0Tk1    Ts1Zn0     RtZn0        46        12        10 
	DfZn1Tk1    Ts1Zn1     RtZn1        13        12        10 
	DfZn2Tk1    Ts1Zn2     RtZn2        46        12        10 
	DfZn2Tk2    Ts2Zn2     RtZn2        17        12        10 
	DfZn2Tk3    Ts3Zn2     RtZn2        26        12        10 
	DfZn2Tk4    Ts4Zn2     RtZn2        29        12        10 
	DfZn3Tk1    Ts1Zn3     RtZn3        25        12        10 
	DfZn3Tk2    Ts2Zn3     RtZn3        13        12        10 
	DfZn3Tk3    Ts3Zn3     RtZn3        28        12        10 
	DfZn4Tk1    Ts1Zn4     RtZn4        36        12        10 
	DfZn4Tk2    Ts2Zn4     RtZn4        45        12        10 
	DfZn4Tk3    Ts3Zn4     RtZn4        22        12        10 
	DfZn4Tk4    Ts4Zn4     RtZn4        29        12        10 
	DfZn5Tk1    Ts1Zn5     RtZn5        25        12        10 
	DfZn5Tk2    Ts2Zn5     RtZn5        34        12        10 
	DfZn6Tk1    Ts1Zn6     RtZn6        37        12        10 
	DfZn6Tk2    Ts2Zn6     RtZn6        13        12        10 
	DfZn7Tk1    Ts1Zn7     RtZn7        31        12        10 
	DfZn7Tk2    Ts2Zn7     RtZn7        19        12        10 
	DfZn7Tk3    Ts3Zn7     RtZn7        22        12        10 
	DfZn8Tk1    Ts1Zn8     RtZn8        36        12        10 
	DfZn9Tk1    Ts1Zn9     RtZn9        48        12        10 
	DfZn9Tk2    Ts2Zn9     RtZn9        38        12        10 
	DfZn9Tk3    Ts3Zn9     RtZn9        16        12        10 
	DfZn10Tk1   Ts1Zn10    RtZn10        22        12        10 
	DfZn11Tk1   Ts1Zn11    RtZn11        42        12        10 
	DfZn12Tk1   Ts1Zn12    RtZn12        45        12        10 
	DfZn12Tk2   Ts2Zn12    RtZn12        48        12        10 
	DfZn13Tk1   Ts1Zn13    RtZn13        16        12        10 
	DfZn13Tk2   Ts2Zn13    RtZn13        36        12        10 
	DfZn13Tk3   Ts3Zn13    RtZn13        14        12        10 
	DfZn14Tk1   Ts1Zn14    RtZn14        46        12        10 
	DfZn15Tk1   Ts1Zn15    RtZn15        42        12        10 
	DfZn15Tk2   Ts2Zn15    RtZn15        27        12        10 
	DfZn15Tk3   Ts3Zn15    RtZn15        44        12        10 
	DfZn15Tk4   Ts4Zn15    RtZn15        40        12        10 
	DfZn15Tk5   Ts5Zn15    RtZn15        46        12        10 
	DfZn16Tk1   Ts1Zn16    RtZn16        21        12        10 
	DfZn16Tk2   Ts2Zn16    RtZn16        43        12        10 
	DfZn16Tk3   Ts3Zn16    RtZn16        47        12        10 
	DfZn17Tk1   Ts1Zn17    RtZn17        14        12        10 
	DfZn17Tk2   Ts2Zn17    RtZn17        39        12        10 
	DfZn17Tk3   Ts3Zn17    RtZn17        45        12        10 
	DfZn17Tk4   Ts4Zn17    RtZn17        29        12        10 
	DfZn18Tk1   Ts1Zn18    RtZn18        15        12        10 
	DfZn19Tk1   Ts1Zn19    RtZn19        22        12        10 
	DfZn19Tk2   Ts2Zn19    RtZn19        18        12        10 
	DfZn19Tk3   Ts3Zn19    RtZn19        43        12        10 
	DfRtZn0ToRtZn1     RtZn0     RtZn1        53        12        10 
	DfRtZn1ToRtZn2     RtZn1     RtZn2        92        12        10 
	DfRtZn2ToRtZn3     RtZn2     RtZn3        54        12        10 
	DfRtZn3ToRtZn4     RtZn3     RtZn4        20        12        10 
	DfRtZn4ToRtZn5     RtZn4     RtZn5        54        12        10 
	DfRtZn5ToRtZn6     RtZn5     RtZn6        86        12        10 
	DfRtZn6ToRtZn7     RtZn6     RtZn7        21        12        10 
	DfRtZn7ToRtZn8     RtZn7     RtZn8        69        12        10 
	DfRtZn8ToRtZn9     RtZn8     RtZn9        56        12        10 
	DfRtZn9ToRtZn10     RtZn9    RtZn10        27        12        10 
	DfRtZn10ToRtZn11    RtZn10    RtZn11        33        12        10 
	DfRtZn11ToRtZn12    RtZn11    RtZn12        42        12        10 
	DfRtZn12ToRtZn13    RtZn12    RtZn13        33        12        10 
	DfRtZn13ToRtZn14    RtZn13    RtZn14        89        12        10 
	DfRtZn14ToRtZn15    RtZn14    RtZn15        75        12        10 
	DfRtZn15ToRtZn16    RtZn15    RtZn16        13        12        10 
	DfRtZn16ToRtZn17    RtZn16    RtZn17        15        12        10 
	DfRtZn17ToRtZn18    RtZn17    RtZn18        69        12        10 
	DfRtZn18ToRtZn19    RtZn18    RtZn19        79        12        10 
</DATAFLOW>